num Linear        : 2721
input/output dim  : 55 -> 1
min/max width     : 1 / 446
period            : 42 (match ratio 0.9705)
body range        : [18, 1362) (linear-layer indices)
num iterations    : 31.000

head widths : [55, 224, 232, 64, 208, 200, 212, 204, 216, 208, 220, 212, 224, 216, 228, 220, 232, 224, 336]

one period  : [336, 296, 340, 332, 375, 399, 410, 402, 412, 404, 412, 404, 408, 400, 352, 288, 288, 256, 319, 288, 318, 288, 316, 288, 312, 288, 304, 288, 256, 288, 256, 319, 288, 318, 288, 316, 288, 312, 288, 304, 288, 256, 336]

tail widths : [368, 328, 340, 332, 375, 399, 410, 402, 412, 404, 412, 404, 408, 400, 352, 288, 288, 256, 319, 288, 318, 288, 316, 288, 312, 288, 304, 288, 256, 288, 256, 319, 288, 318, 288, 316, 288, 312, 288, 304, 288, 256, 368, 328, 340, 332, 375, 399, 410, 402, 412, 404, 412, 404, 408, 400, 352, 288, 288, 256, 319, 288, 318, 288, 316, 288, 312, 288, 304, 288, 256, 288, 256, 319, 288, 318, 288, 316, 288, 312, 288, 304, 288, 256, 368, 328, 340, 332, 375, 399, 410, 402, 412, 404, 412, 404, 408, 400, 352, 288, 288, 256, 319, 288, 318, 288, 316, 288, 312, 288, 304, 288, 256, 288, 256, 319, 288, 318, 288, 316, 288, 312, 288, 304, 288, 256, 368, 328, 340, 332, 375, 399, 410, 402, 412, 404, 412, 404, 408, 400, 352, 288, 288, 256, 319, 288, 318, 288, 316, 288, 312, 288, 304, 288, 256, 288, 256, 319, 288, 318, 288, 316, 288, 312, 288, 304, 288, 256, 368, 328, 340, 332, 375, 399, 410, 402, 412, 404, 412, 404, 408, 400, 352, 288, 288, 256, 319, 288, 318, 288, 316, 288, 312, 288, 304, 288, 256, 288, 256, 319, 288, 318, 288, 316, 288, 312, 288, 304, 288, 256, 368, 328, 340, 332, 375, 399, 410, 402, 412, 404, 412, 404, 408, 400, 352, 288, 288, 256, 319, 288, 318, 288, 316, 288, 312, 288, 304, 288, 256, 288, 256, 319, 288, 318, 288, 316, 288, 312, 288, 304, 288, 256, 368, 328, 340, 332, 375, 399, 410, 402, 412, 404, 412, 404, 408, 400, 352, 288, 288, 256, 319, 288, 318, 288, 316, 288, 312, 288, 304, 288, 256, 288, 256, 319, 288, 318, 288, 316, 288, 312, 288, 304, 288, 256, 368, 328, 340, 332, 375, 399, 410, 402, 412, 404, 412, 404, 408, 400, 352, 288, 288, 256, 319, 288, 318, 288, 316, 288, 312, 288, 304, 288, 256, 288, 256, 319, 288, 318, 288, 316, 288, 312, 288, 304, 288, 256, 368, 328, 340, 332, 375, 399, 410, 402, 412, 404, 412, 404, 408, 400, 352, 288, 288, 256, 319, 288, 318, 288, 316, 288, 312, 288, 304, 288, 256, 288, 256, 319, 288, 318, 288, 316, 288, 312, 288, 304, 288, 256, 368, 328, 340, 332, 375, 399, 410, 402, 412, 404, 412, 404, 408, 400, 352, 288, 288, 256, 319, 288, 318, 288, 316, 288, 312, 288, 304, 288, 256, 288, 256, 319, 288, 318, 288, 316, 288, 312, 288, 304, 288, 256, 368, 328, 340, 332, 375, 399, 410, 402, 412, 404, 412, 404, 408, 400, 352, 288, 288, 256, 319, 288, 318, 288, 316, 288, 312, 288, 304, 288, 256, 288, 256, 319, 288, 318, 288, 316, 288, 312, 288, 304, 288, 256, 368, 328, 340, 332, 375, 399, 410, 402, 412, 404, 412, 404, 408, 400, 352, 288, 288, 256, 319, 288, 318, 288, 316, 288, 312, 288, 304, 288, 256, 288, 256, 319, 288, 318, 288, 316, 288, 312, 288, 304, 288, 256, 368, 328, 340, 332, 375, 399, 410, 402, 412, 404, 412, 404, 408, 400, 352, 288, 288, 256, 319, 288, 318, 288, 316, 288, 312, 288, 304, 288, 256, 288, 256, 319, 288, 318, 288, 316, 288, 312, 288, 304, 288, 256, 368, 328, 340, 332, 375, 399, 410, 402, 412, 404, 412, 404, 408, 400, 352, 288, 288, 256, 319, 288, 318, 288, 316, 288, 312, 288, 304, 288, 256, 288, 256, 319, 288, 318, 288, 316, 288, 312, 288, 304, 288, 256, 368, 328, 340, 332, 375, 399, 410, 402, 412, 404, 412, 404, 408, 400, 352, 288, 288, 256, 319, 288, 318, 288, 316, 288, 312, 288, 304, 288, 256, 288, 256, 319, 288, 318, 288, 316, 288, 312, 288, 304, 288, 256, 368, 328, 340, 332, 375, 399, 410, 402, 412, 404, 412, 404, 408, 400, 352, 288, 288, 256, 319, 288, 318, 288, 316, 288, 312, 288, 304, 288, 256, 288, 256, 319, 288, 318, 288, 316, 288, 312, 288, 304, 288, 256, 336, 328, 340, 332, 375, 399, 410, 402, 412, 404, 412, 404, 408, 400, 352, 288, 288, 256, 319, 288, 318, 288, 316, 288, 312, 288, 304, 288, 256, 288, 256, 319, 288, 318, 288, 316, 288, 312, 288, 304, 288, 256, 336, 328, 340, 332, 375, 399, 410, 402, 412, 404, 412, 404, 408, 400, 352, 288, 288, 256, 319, 288, 318, 288, 316, 288, 312, 288, 304, 288, 256, 288, 256, 319, 288, 318, 288, 316, 288, 312, 288, 304, 288, 256, 336, 328, 340, 332, 375, 399, 410, 402, 412, 404, 412, 404, 408, 400, 352, 288, 288, 256, 319, 288, 318, 288, 316, 288, 312, 288, 304, 288, 256, 288, 256, 319, 288, 318, 288, 316, 288, 312, 288, 304, 288, 256, 336, 328, 340, 332, 375, 399, 410, 402, 412, 404, 412, 404, 408, 400, 352, 288, 288, 256, 319, 288, 318, 288, 316, 288, 312, 288, 304, 288, 256, 288, 256, 319, 288, 318, 288, 316, 288, 312, 288, 304, 288, 256, 336, 328, 340, 332, 375, 399, 410, 402, 412, 404, 412, 404, 408, 400, 352, 288, 288, 256, 319, 288, 318, 288, 316, 288, 312, 288, 304, 288, 256, 288, 256, 319, 288, 318, 288, 316, 288, 312, 288, 304, 288, 256, 336, 328, 340, 332, 375, 399, 410, 402, 412, 404, 412, 404, 408, 400, 352, 288, 288, 256, 319, 288, 318, 288, 316, 288, 312, 288, 304, 288, 256, 288, 256, 319, 288, 318, 288, 316, 288, 312, 288, 304, 288, 256, 336, 328, 340, 332, 375, 399, 410, 402, 412, 404, 412, 404, 408, 400, 352, 288, 288, 256, 319, 288, 318, 288, 316, 288, 312, 288, 304, 288, 256, 288, 256, 319, 288, 318, 288, 316, 288, 312, 288, 304, 288, 256, 336, 328, 340, 332, 375, 399, 410, 402, 412, 404, 412, 404, 408, 400, 352, 288, 288, 256, 319, 288, 318, 288, 316, 288, 312, 288, 304, 288, 256, 288, 256, 319, 288, 318, 288, 316, 288, 312, 288, 304, 288, 256, 336, 328, 340, 332, 375, 399, 410, 402, 412, 404, 412, 404, 408, 400, 352, 288, 288, 256, 319, 288, 318, 288, 316, 288, 312, 288, 304, 288, 256, 288, 256, 319, 288, 318, 288, 316, 288, 312, 288, 304, 288, 256, 336, 328, 340, 332, 375, 399, 410, 402, 412, 404, 412, 404, 408, 400, 352, 288, 288, 256, 319, 288, 318, 288, 316, 288, 312, 288, 304, 288, 256, 288, 256, 319, 288, 318, 288, 316, 288, 312, 288, 304, 288, 256, 336, 328, 340, 332, 375, 399, 410, 402, 412, 404, 412, 404, 408, 400, 352, 288, 288, 256, 319, 288, 318, 288, 316, 288, 312, 288, 304, 288, 256, 288, 256, 319, 288, 318, 288, 316, 288, 312, 288, 304, 288, 256, 336, 328, 340, 332, 375, 399, 410, 402, 412, 404, 412, 404, 408, 400, 352, 288, 288, 256, 319, 288, 318, 288, 316, 288, 312, 288, 304, 288, 256, 288, 256, 319, 288, 318, 288, 316, 288, 312, 288, 304, 288, 256, 336, 328, 340, 332, 375, 399, 410, 402, 412, 404, 412, 404, 408, 400, 352, 288, 288, 256, 319, 288, 318, 288, 316, 288, 312, 288, 304, 288, 256, 288, 256, 319, 288, 318, 288, 316, 288, 312, 288, 304, 288, 256, 336, 328, 340, 332, 375, 399, 410, 402, 412, 404, 412, 404, 408, 400, 352, 288, 288, 256, 319, 288, 318, 288, 316, 288, 312, 288, 304, 288, 256, 288, 256, 319, 288, 318, 288, 316, 288, 312, 288, 304, 288, 256, 336, 328, 340, 332, 375, 399, 410, 402, 412, 404, 412, 404, 408, 400, 352, 288, 288, 256, 319, 288, 318, 288, 316, 288, 312, 288, 304, 288, 256, 288, 256, 319, 288, 318, 288, 316, 288, 312, 288, 304, 288, 256, 256, 256, 256, 256, 287, 319, 318, 318, 316, 316, 312, 312, 304, 304, 256, 192, 192, 160, 223, 192, 222, 192, 220, 192, 216, 192, 208, 192, 160, 192, 160, 223, 192, 222, 192, 220, 192, 216, 192, 208, 192, 160, 320, 320, 382, 446, 444, 444, 440, 440, 432, 432, 416, 416, 320, 192, 48, 1]
