Layer 0 Linear(55 -> 224)
  ||W||F = 12.8452, rank-tol singular values:
  singular values: [1.7320508 1.7320508 1.7320508 1.7320508 1.7320508 1.7320508 1.7320508
 1.7320508 1.7320508 1.7320508 1.7320508 1.7320508 1.7320508 1.7320508
 1.7320508 1.7320508 1.7320508 1.7320508 1.7320508 1.7320508 1.7320508
 1.7320508 1.7320508 1.7320508 1.7320508 1.7320508 1.7320508 1.7320508
 1.7320508 1.7320508 1.7320508 1.7320508 1.7320508 1.7320508 1.7320508
 1.7320508 1.7320508 1.7320508 1.7320508 1.7320508 1.7320508 1.7320508
 1.7320508 1.7320508 1.7320508 1.7320508 1.7320508 1.7320508 1.7320508
 1.7320508 1.7320508 1.7320508 1.7320508 1.7320508 1.7320508]
  cumulative energy: [0.01818182 0.03636364 0.05454545 0.07272727 0.09090909 0.10909091
 0.12727273 0.14545454 0.16363636 0.18181819 0.2        0.21818182
 0.23636363 0.25454545 0.27272728 0.29090908 0.3090909  0.3272727
 0.34545454 0.36363637 0.38181818 0.4        0.4181818  0.43636364
 0.45454547 0.47272727 0.4909091  0.5090909  0.5272727  0.54545456
 0.56363636 0.58181816 0.6        0.6181818  0.6363636  0.6545454
 0.6727273  0.6909091  0.7090909  0.72727275 0.74545455 0.76363635
 0.7818182  0.8        0.8181818  0.8363636  0.8545455  0.8727273
 0.8909091  0.90909094 0.92727274 0.94545454 0.96363634 0.9818182
 1.        ]

Top-5 right singular vectors (Vt rows, length 55):
  v[0] (σ=1.732):
    [-1.  0.  0.  0.  0.  0.  0.  0.  0.  0.  0.  0.  0.  0.  0.  0.  0.  0.
  0.  0.  0.  0.  0.  0.  0.  0.  0.  0.  0.  0.  0.  0.  0.  0.  0.  0.
  0.  0.  0.  0.  0.  0.  0.  0.  0.  0.  0.  0.  0.  0.  0.  0.  0.  0.
  0.]
  v[1] (σ=1.732):
    [ 0. -1.  0.  0.  0.  0.  0.  0.  0.  0.  0.  0.  0.  0.  0.  0.  0.  0.
  0.  0.  0.  0.  0.  0.  0.  0.  0.  0.  0.  0.  0.  0.  0.  0.  0.  0.
  0.  0.  0.  0.  0.  0.  0.  0.  0.  0.  0.  0.  0.  0.  0.  0.  0.  0.
  0.]
  v[2] (σ=1.732):
    [ 0.  0. -1.  0.  0.  0.  0.  0.  0.  0.  0.  0.  0.  0.  0.  0.  0.  0.
  0.  0.  0.  0.  0.  0.  0.  0.  0.  0.  0.  0.  0.  0.  0.  0.  0.  0.
  0.  0.  0.  0.  0.  0.  0.  0.  0.  0.  0.  0.  0.  0.  0.  0.  0.  0.
  0.]
  v[3] (σ=1.732):
    [ 0.  0.  0. -1.  0.  0.  0.  0.  0.  0.  0.  0.  0.  0.  0.  0.  0.  0.
  0.  0.  0.  0.  0.  0.  0.  0.  0.  0.  0.  0.  0.  0.  0.  0.  0.  0.
  0.  0.  0.  0.  0.  0.  0.  0.  0.  0.  0.  0.  0.  0.  0.  0.  0.  0.
  0.]
  v[4] (σ=1.732):
    [ 0.  0.  0.  0. -1.  0.  0.  0.  0.  0.  0.  0.  0.  0.  0.  0.  0.  0.
  0.  0.  0.  0.  0.  0.  0.  0.  0.  0.  0.  0.  0.  0.  0.  0.  0.  0.
  0.  0.  0.  0.  0.  0.  0.  0.  0.  0.  0.  0.  0.  0.  0.  0.  0.  0.
  0.]

Layer-0 bias (224 dims): mean=6.6250 std=14.5167 min=-1.0000 max=55.0000